$ 1 7.8125e-8 0.20306040966347483 43 5 43 5e-11
v -16 -176 -16 -240 0 0 40 5 0 0 0.5
w -16 -240 -16 -288 0
w -16 -288 64 -288 0
f 144 -208 208 -208 32 1.5 0.02
l 64 -288 208 -288 0 2 2.026352819280888e-7 0
d 208 -288 288 -288 2 1N4004
c 352 -256 352 -192 0 2 398.81452530457284 0.001
w 288 -288 352 -288 0
w 352 -288 352 -256 0
g -16 -144 -16 -96 0 0
w -16 -144 -16 -176 0
w 352 -192 352 -144 0
w -16 -144 352 -144 0
w 208 -192 208 -144 0
R 144 -208 80 -208 0 2 4000 2 0 0 0.5
368 352 -288 384 -304 0 0
w 208 -224 208 -288 0
w 208 -144 352 -144 0
o 15 4 0 4099 640 409.6 0 1
