$ 1 7.8125e-7 25.510281670702206 43 5 43 5e-11
w -48 -288 64 -288 0
R 192 -304 192 -352 0 0 40 3.3 0 0 0.5
g 192 -208 192 -160 0 0
w 192 -272 192 -240 0
w 64 -288 64 -224 0
w 144 -224 64 -224 0
w 144 -288 64 -288 0
f 144 -224 192 -224 32 1.5 0.02
f 144 -288 192 -288 33 1.5 0.02
R -48 -288 -96 -288 4 5 4000 5 0 0 0.159154943092
l 192 -272 336 -272 0 0.000001 0.025136366117172577 0
c 336 -272 336 -176 0 0.000009999999999999999 2.35256416709297 0.001
g 336 -176 336 -160 0 0
368 336 -272 368 -304 1 0 TP1
368 -48 -288 -48 -352 0 0
r 336 -272 448 -272 0 1000
g 448 -272 448 -144 0 0
368 192 -272 224 -304 1 0 TP2
o 17 4 0 4099 2.9317489492475675 2.9317489492475675 0 2 17 3
o 13 4 0 4099 3.2768 3.2768 1 2 13 3
