$ 1 7.8125e-8 5.023272298708815 43 5 43 5e-11
w -48 -288 64 -288 0
R 192 -304 192 -352 0 0 40 3.3 0 0 0.5
g 192 -208 192 -160 0 0
w 192 -272 192 -240 0
w 64 -288 64 -224 0
w 144 -224 64 -224 0
w 144 -288 64 -288 0
f 144 -224 192 -224 32 1.5 0.02
f 144 -288 192 -288 33 1.5 0.02
l 192 -272 336 -272 0 0.000009999999999999999 0.032400011165731095 0
c 336 -272 336 -176 0 0.0000047 0.5419844644648506 0.001
368 192 -272 224 -304 1 0 TP2
x 200 -251 248 -248 4 12 LX_TECP
x 295 -250 323 -247 4 12 TECP
R -48 -288 -112 -288 4 5 400000 5 0 0 0.5
g 336 -272 336 -336 0 0
368 336 -176 384 -176 0 0
o 11 4 0 4099 5.863497898495135 5.863497898495135 0 2 11 3
o 16 4 0 4099 2.5 0.8 1 2 16 3
