$ 1 7.8125e-7 8.281975887399955 43 5 43 5e-11
w 192 -208 192 -176 0
368 304 -272 336 -304 1 0 TP2
f 144 -288 192 -288 33 1.5 0.02
f 144 -224 192 -224 32 1.5 0.02
w 144 -288 64 -288 0
w 144 -224 64 -224 0
w 64 -288 64 -224 0
w 192 -272 192 -240 0
g 192 -176 192 -128 0 0
R 192 -304 192 -352 0 0 40 3.3 0 0 0.5
w -96 -288 64 -288 0
S -96 -288 -160 -288 0 0 false 0 2
g -160 -272 -160 -208 0 0
R -160 -304 -160 -368 0 0 40 5 0 0 0.5
w 192 -272 304 -272 0
x 204 -302 217 -299 4 24 P
x 204 -173 222 -170 4 24 N
