$ 1 7.8125e-7 1.1208435524800693 43 5 43 5e-11
w -48 -288 64 -288 0
R 192 -304 192 -352 0 0 40 3.3 0 0 0.5
g 192 -176 192 -128 0 0
w 192 -272 192 -240 0
w 64 -288 64 -224 0
w 144 -224 64 -224 0
w 144 -288 64 -288 0
f 144 -224 192 -224 32 1.5 0.02
f 144 -288 192 -288 33 1.5 0.02
R -48 -288 -96 -288 4 5 4000 5 0 0 0.159154943092
l 192 -272 336 -272 0 0.000001 0.03240027306797456 0
c 336 -272 336 -144 0 0.000009999999999999999 0.06304827506599152 0.001
g 336 -144 336 -128 0 0
368 336 -272 368 -304 1 0 TP1
368 -48 -288 -48 -352 0 0
r 336 -272 448 -272 0 1
368 192 -272 224 -304 1 0 TP2
368 448 -272 480 -304 1 0 TP3
r 448 -160 448 -272 0 1
g 448 -144 448 -128 0 0
370 448 -160 448 -144 1 0 0
w 192 -208 192 -176 0
x 460 -196 530 -193 4 10 模拟导线的电阻
x 197 -399 601 -396 4 10 一般地线上的电流都是非常大的,因为是已经没有任何用电器连接了.我们模拟的就是空导线嘛
x 204 -373 578 -370 4 10 只是30多mA的电流流过只有2Ω阻值的导线就产生了0.03V的压降.如果电流再大一些那?
o 16 4 0 4099 0.7329372373118919 0.7329372373118919 0 2 16 3
o 13 4 0 4099 0.4096 0.4096 1 2 13 3
