$ 1 0.000005 1.2182493960703473 29 5 43 5e-11
r 176 80 384 80 0 200
s 384 80 448 80 0 0 false
w 176 80 176 352 0
c 448 352 176 352 0 0.000014999999999999999 -4.999988575283408 -10
v 448 352 448 80 0 0 40 5 0 0 0.5
g 448 400 448 432 0 0
368 176 352 128 352 0 0
s 304 400 368 400 0 1 false
w 176 352 176 400 0
w 176 400 304 400 0
w 368 400 448 400 0
w 448 352 448 400 0
x -25 265 83 268 4 12 电容要先充电再放电
x -27 309 93 312 4 12 电容充放电都需要时间
o 6 64 0 4099 5 12.8 0 1
38 3 F1 0 0.000001 0.000101 -1 Capacitance
38 0 F1 0 1 101 -1 Resistance
